HEIGHT BOY
7	111.80	113.00	114.80	116.20	118.28	119.10	122.30	125.20	126.00	128.40	129.90	132.20	133.50
8	115.40	116.90	119.00	120.50	122.70	123.50	126.70	130.00	131.00	133.20	134.70	137.10	138.70
9	120.36	121.80	123.80	125.20	127.50	128.49	131.80	135.30	136.30	138.50	140.10	143.00	144.50
10	124.50	126.00	128.20	129.70	132.00	133.00	136.70	140.40	141.50	144.13	145.90	148.50	150.70
11	128.50	130.40	132.80	134.50	137.10	138.20	142.00	146.00	147.20	150.00	152.00	155.20	157.50
12	133.19	134.92	137.60	139.40	142.20	143.32	147.70	152.48	154.00	157.20	159.50	163.10	165.31
13	139.00	141.10	144.50	146.70	150.00	151.40	156.50	161.20	162.60	165.60	167.40	170.00	172.00
14	144.70	147.20	151.00	153.50	157.00	158.30	162.50	166.50	167.60	170.00	171.80	174.11	176.00
15	151.80	154.00	157.00	158.90	161.40	162.40	165.90	169.30	170.30	172.50	174.15	176.40	178.00
16	156.14	157.60	160.00	161.60	164.00	164.80	168.00	171.20	172.00	174.50	176.00	178.10	179.47
17	157.50	159.00	161.10	162.60	165.00	165.90	168.90	172.00	173.00	175.10	176.60	179.00	180.20
18	158.20	159.60	161.70	163.20	165.30	166.10	169.40	172.30	173.20	175.40	176.80	179.10	180.70
19	159.00	160.30	162.30	163.63	165.50	166.40	169.50	172.50	173.30	175.50	177.00	179.40	181.00
20	159.40	160.50	162.50	164.00	165.90	166.70	170.00	172.80	173.70	176.00	177.50	179.60	181.00
21	158.99	160.10	162.20	163.50	165.50	166.50	169.70	172.54	173.50	175.70	177.08	179.20	180.70
22	159.00	160.20	162.10	163.50	165.60	166.50	169.70	172.60	173.50	175.50	177.00	179.00	180.50
WEIGHT BOY
7	17.40	17.90	18.60	19.20	20.00	20.40	21.90	23.50	24.00	25.50	26.70	28.90	30.65
8	18.70	19.40	20.20	20.80	21.70	22.20	23.90	25.80	26.50	28.20	29.60	32.40	35.00
9	20.60	21.20	22.10	22.80	23.90	24.40	26.30	28.60	29.40	31.70	33.60	37.00	40.10
10	22.20	22.90	24.00	24.90	26.10	26.70	29.00	31.90	32.80	35.50	38.00	42.00	46.00
11	24.00	25.00	26.40	27.30	28.80	29.50	32.30	35.80	37.00	40.10	42.80	48.30	52.59
12	26.30	27.40	29.00	30.00	31.70	31.50	36.00	40.10	41.70	45.50	48.50	54.10	59.10
13	29.80	31.00	33.10	34.60	37.20	38.40	42.70	47.20	48.70	52.50	55.70	60.90	66.20
14	33.25	34.90	37.60	39.60	42.30	43.50	47.50	52.00	53.40	56.80	60.00	66.71	72.10
15	38.42	40.10	42.60	44.30	46.70	47.80	51.20	55.10	56.50	60.00	62.80	69.10	73.47
16	42.60	44.23	46.50	47.90	50.00	51.00	54.35	58.10	59.50	62.90	66.10	73.47	80.00
17	45.00	46.20	48.20	49.50	51.50	52.50	55.70	59.30	60.30	63.00	65.30	69.50	72.60
18	46.00	47.20	49.30	50.60	52.50	53.50	56.60	60.10	61.20	64.00	65.80	69.10	72.00
19	47.80	48.90	50.70	52.00	54.00	54.70	57.80	61.00	62.00	64.50	66.40	69.60	71.90
20	48.00	49.20	51.10	52.30	54.20	55.00	58.30	61.50	62.50	65.00	67.00	69.90	72.00
21	47.80	49.10	51.00	52.23	54.30	55.20	58.30	61.60	62.60	65.00	67.00	69.60	71.01
22	47.50	48.90	50.70	52.00	54.30	55.00	58.20	61.80	62.70	65.20	67.00	69.80	71.70
HEIGHT GIRL
7	111.10	112.10	113.90	115.30	117.20	118.00	121.10	124.00	125.00	127.10	128.70	131.00	132.70
8	115.00	116.40	118.50	119.90	122.00	122.90	126.00	129.30	130.20	132.50	134.10	136.48	138.00
9	119.27	120.70	123.00	124.60	127.00	128.00	131.30	134.90	136.00	138.50	140.30	143.21	144.73
10	124.30	125.70	128.10	129.90	132.40	133.40	137.30	141.30	142.50	145.40	147.29	150.20	152.10
11	129.00	130.90	133.60	135.60	138.70	139.70	144.10	148.20	149.30	152.10	154.00	156.50	158.20
12	135.20	137.20	140.20	142.00	144.90	146.06	150.00	153.60	154.50	157.00	158.60	160.80	162.40
13	142.00	143.80	146.30	147.90	150.20	151.10	154.20	157.30	158.10	160.30	161.90	164.00	165.50
14	145.00	146.50	148.60	150.00	152.10	153.00	156.00	158.90	159.80	161.80	163.20	165.30	166.60
15	146.70	148.00	150.00	151.30	153.20	154.10	156.90	159.80	160.55	162.70	164.10	166.40	167.60
16	147.40	148.70	150.60	152.00	154.00	154.70	157.60	160.43	161.20	163.30	164.60	166.90	168.30
17	147.80	149.00	151.10	152.10	154.10	155.00	157.80	160.60	161.40	163.40	165.00	167.00	168.50
18	148.03	149.30	151.09	152.30	154.20	155.00	157.80	160.70	161.50	163.50	164.80	166.90	168.30
19	148.40	149.70	151.50	152.80	154.80	155.60	158.50	161.20	162.00	164.00	165.20	167.20	168.30
20	148.60	149.80	151.40	152.60	154.50	155.40	158.20	161.10	162.00	164.00	165.30	167.33	168.50
21	148.60	149.80	151.50	152.90	154.70	155.50	158.30	161.10	162.00	164.00	165.00	167.00	168.16
22	148.50	149.50	151.40	152.70	154.70	155.40	158.10	161.00	161.80	163.80	165.10	167.20	168.78
WEIGHT GIRL
7	16.80	17.20	18.00	18.50	19.30	19.70	21.00	22.60	23.10	24.50	25.70	27.50	29.00
8	18.10	18.70	19.60	20.10	21.00	21.50	23.10	24.98	25.50	27.20	28.50	31.00	32.60
9	19.70	20.30	21.30	22.00	23.10	23.60	25.50	27.80	28.60	30.60	32.20	35.00	37.40
10	21.70	22.30	23.50	24.40	25.70	26.30	28.70	31.50	32.50	35.30	37.50	41.00	43.30
11	23.70	24.60	26.10	27.20	29.00	29.80	33.00	36.80	38.00	41.00	43.20	46.80	49.42
12	26.80	28.00	29.80	31.10	33.40	34.40	37.80	41.50	42.50	45.50	47.60	51.20	54.04
13	31.50	32.80	34.90	36.30	38.40	39.30	42.50	46.00	47.10	50.00	52.10	55.80	58.20
14	34.80	36.20	38.00	39.30	41.20	42.10	45.10	48.40	49.60	52.40	54.50	57.90	60.40
15	37.50	38.60	40.30	41.60	43.60	44.30	47.20	50.50	51.60	54.23	56.30	59.50	62.00
16	39.20	40.30	42.00	43.20	45.10	46.00	49.00	52.10	53.20	55.60	57.50	60.70	62.90
17	40.00	41.20	43.00	44.10	45.90	46.70	49.60	52.80	53.80	56.20	57.80	61.00	63.00
18	40.30	41.40	43.20	44.40	46.30	47.00	50.00	53.10	54.10	56.60	58.40	61.40	63.10
19	41.40	42.30	43.90	45.00	47.00	47.70	50.50	53.60	54.50	57.00	58.80	61.00	63.00
20	41.00	42.08	43.70	45.00	46.80	47.50	50.40	53.40	54.30	56.60	58.10	60.50	62.38
21	40.60	41.74	43.40	44.60	46.30	47.00	50.00	53.06	54.00	56.30	58.00	60.50	62.40
22	40.40	41.50	43.40	44.50	46.30	47.00	49.80	53.00	54.00	56.40	58.00	60.50	62.30
